Epithelial,Lymphocyte,Macrophage,Neutrophil,Epithelial.Lymphocyte,Epithelial.Macrophage,Epithelial.Neutrophil,Lymphocyte.Macrophage,Lymphocyte.Neutrophil,Macrophage.Neutrophil,Epithelial.Lymphocyte.Macrophage,Epithelial.Lymphocyte.Neutrophil,Lymphocyte.Macrophage.Neutrophil,Epithelial.Lymphocyte.Macrophage.Neutrophil,Label
506,56,12,0,562,518,506,68,56,12,574,562,68,574,normal
484,101,238,4,585,722,488,339,105,242,823,589,343,827,normal
2994,288,2177,1,3282,5171,2995,2465,289,2178,5459,3283,2466,5460,normal
508,267,386,2,775,894,510,653,269,388,1161,777,655,1163,normal
616,183,71,0,799,687,616,254,183,71,870,799,254,870,normal
7456,81,5978,3,7537,13434,7459,6059,84,5981,13515,7540,6062,13518,normal
8844,5005,3288,0,13849,12132,8844,8293,5005,3288,17137,13849,8293,17137,normal
274,31,120,0,305,394,274,151,31,120,425,305,151,425,normal
524,319,247,16,843,771,540,566,335,263,1090,859,582,1106,normal
105582,32449,2317,2962,138031,107899,108544,34766,35411,5279,140348,140993,37728,143310,normal
139192,151473,14957,21434,290665,154149,160626,166430,172907,36391,305622,312099,187864,327056,normal
16098,8564,885,892,24662,16983,16990,9449,9456,1777,25547,25554,10341,26439,normal
50836,81853,22283,13789,132689,73119,64625,104136,95642,36072,154972,146478,117925,168761,normal
45619,40833,1442,1584,86452,47061,47203,42275,42417,3026,87894,88036,43859,89478,normal
15822,25719,1746,2190,41541,17568,18012,27465,27909,3936,43287,43731,29655,45477,normal
124112,175141,10044,9222,299253,134156,133334,185185,184363,19266,309297,308475,194407,318519,normal
172079,46755,5835,16662,218834,177914,188741,52590,63417,22497,224669,235496,69252,241331,normal
137970,138924,967,3002,276894,138937,140972,139891,141926,3969,277861,279896,142893,280863,normal
136432,30821,2734,1585,167253,139166,138017,33555,32406,4319,169987,168838,35140,171572,normal
134053,91717,2683,7513,225770,136736,141566,94400,99230,10196,228453,233283,101913,235966,normal
81846,13151,845,1142,94997,82691,82988,13996,14293,1987,95842,96139,15138,96984,normal
26691,12867,569,411,39558,27260,27102,13436,13278,980,40127,39969,13847,40538,normal
40384,53403,3823,2614,93787,44207,42998,57226,56017,6437,97610,96401,59840,100224,normal
17986,47053,1017,736,65039,19003,18722,48070,47789,1753,66056,65775,48806,66792,normal
101550,226323,1419,2207,327873,102969,103757,227742,228530,3626,329292,330080,229949,331499,normal
127354,86952,1402,1095,214306,128756,128449,88354,88047,2497,215708,215401,89449,216803,normal
4879,4397,197,305,9276,5076,5184,4594,4702,502,9473,9581,4899,9778,normal
201371,76191,1444,2958,277562,202815,204329,77635,79149,4402,279006,280520,80593,281964,normal
75834,10010,3449,347,85844,79283,76181,13459,10357,3796,89293,86191,13806,89640,normal
48504,41245,1126,613,89749,49630,49117,42371,41858,1739,90875,90362,42984,91488,normal
119296,53912,5147,922,173208,124443,120218,59059,54834,6069,178355,174130,59981,179277,normal
74036,42351,3612,7738,116387,77648,81774,45963,50089,11350,119999,124125,53701,127737,normal
188989,173578,3969,5982,362567,192958,194971,177547,179560,9951,366536,368549,183529,372518,normal
140218,22712,12985,790,162930,153203,141008,35697,23502,13775,175915,163720,36487,176705,normal
85219,121139,1402,4643,206358,86621,89862,122541,125782,6045,207760,211001,127184,212403,normal
95045,89496,2710,2134,184541,97755,97179,92206,91630,4844,187251,186675,94340,189385,normal
67626,27154,905,380,94780,68531,68006,28059,27534,1285,95685,95160,28439,96065,normal
0,0,0,0,0,0,0,0,0,0,0,0,0,0,normal
47111,28665,1863,9134,75776,48974,56245,30528,37799,10997,77639,84910,39662,86773,normal
126417,71838,12214,12421,198255,138631,138838,84052,84259,24635,210469,210676,96473,222890,normal
31898,37994,1296,1028,69892,33194,32926,39290,39022,2324,71188,70920,40318,72216,normal
61645,163629,2763,3711,225274,64408,65356,166392,167340,6474,228037,228985,170103,231748,normal
320023,201912,642,678,521935,320665,320701,202554,202590,1320,522577,522613,203232,523255,normal
95109,115081,952,247,210190,96061,95356,116033,115328,1199,211142,210437,116280,211389,normal
67660,28675,2189,2844,96335,69849,70504,30864,31519,5033,98524,99179,33708,101368,normal
187373,438033,35662,49997,625406,223035,237370,473695,488030,85659,661068,675403,523692,711065,normal
618050,1609678,73889,151364,2227728,691939,769414,1683567,1761042,225253,2301617,2379092,1834931,2452981,normal
426025,314236,48079,70221,740261,474104,496246,362315,384457,118300,788340,810482,432536,858561,normal
465468,1556928,126850,192067,2022396,592318,657535,1683778,1748995,318917,2149246,2214463,1875845,2341313,normal
1098201,1781824,155943,296896,2880025,1254144,1395097,1937767,2078720,452839,3035968,3176921,2234663,3332864,normal
321697,688921,47171,77297,1010618,368868,398994,736092,766218,124468,1057789,1087915,813389,1135086,normal
339449,1656411,72670,142538,1995860,412119,481987,1729081,1798949,215208,2068530,2138398,1871619,2211068,normal
1117299,2115382,160318,276687,3232681,1277617,1393986,2275700,2392069,437005,3392999,3509368,2552387,3669686,normal
93664,227696,26225,21551,321360,119889,115215,253921,249247,47776,347585,342911,275472,369136,normal
46265,107642,20452,12420,153907,66717,58685,128094,120062,32872,174359,166327,140514,186779,normal
702097,443808,19771,11855,1145905,721868,713952,463579,455663,31626,1165676,1157760,475434,1177531,normal
26654,180132,2046,3559,206786,28700,30213,182178,183691,5605,208832,210345,185737,212391,normal
76620,85589,7654,4148,162209,84274,80768,93243,89737,11802,169863,166357,97391,174011,normal
45784,86775,22016,7403,132559,67800,53187,108791,94178,29419,154575,139962,116194,161978,normal
324302,76930,7695,1339,401232,331997,325641,84625,78269,9034,408927,402571,85964,410266,normal
410389,354719,41174,40888,765108,451563,451277,395893,395607,82062,806282,805996,436781,847170,normal
45231,7269,1899,836,52500,47130,46067,9168,8105,2735,54399,53336,10004,55235,normal
312057,247503,48300,70510,559560,360357,382567,295803,318013,118810,607860,630070,366313,678370,normal
1866728,888850,40195,47335,2755578,1906923,1914063,929045,936185,87530,2795773,2802913,976380,2843108,normal
588969,487309,42752,40720,1076278,631721,629689,530061,528029,83472,1119030,1116998,570781,1159750,normal
835103,1005706,100653,64587,1840809,935756,899690,1106359,1070293,165240,1941462,1905396,1170946,2006049,normal
115390,55085,13077,13305,170475,128467,128695,68162,68390,26382,183552,183780,81467,196857,normal
555378,106596,20162,6978,661974,575540,562356,126758,113574,27140,682136,668952,133736,689114,normal
228952,399476,43036,21451,628428,271988,250403,442512,420927,64487,671464,649879,463963,692915,normal
141888,54321,26313,3572,196209,168201,145460,80634,57893,29885,222522,199781,84206,226094,normal
391025,107202,28793,18136,498227,419818,409161,135995,125338,46929,527020,516363,154131,545156,normal
291443,291513,42188,21590,582956,333631,313033,333701,313103,63778,625144,604546,355291,646734,normal
286857,166643,30300,10295,453500,317157,297152,196943,176938,40595,483800,463795,207238,494095,normal
450014,127065,6067,7583,577079,456081,457597,133132,134648,13650,583146,584662,140715,590729,normal
80847,265153,9181,14170,346000,90028,95017,274334,279323,23351,355181,360170,288504,369351,normal
38322,23044,7918,443,61366,46240,38765,30962,23487,8361,69284,61809,31405,69727,normal
11206,10926,2118,99,22132,13324,11305,13044,11025,2217,24250,22231,13143,24349,normal
17801,16692,1448,935,34493,19249,18736,18140,17627,2383,35941,35428,19075,36876,normal
113978,44121,12179,4653,158099,126157,118631,56300,48774,16832,170278,162752,60953,174931,normal
24884,9109,1218,339,33993,26102,25223,10327,9448,1557,35211,34332,10666,35550,normal
254807,86219,25949,3269,341026,280756,258076,112168,89488,29218,366975,344295,115437,370244,normal
58040,42766,5332,2731,100806,63372,60771,48098,45497,8063,106138,103537,50829,108869,normal
98314,44160,7418,1588,142474,105732,99902,51578,45748,9006,149892,144062,53166,151480,normal
188607,198813,18214,17359,387420,206821,205966,217027,216172,35573,405634,404779,234386,422993,normal
27852,6825,1526,263,34677,29378,28115,8351,7088,1789,36203,34940,8614,36466,normal
54380,13977,6003,839,68357,60383,55219,19980,14816,6842,74360,69196,20819,75199,normal
37265,53484,4756,1634,90749,42021,38899,58240,55118,6390,95505,92383,59874,97139,normal
18483,20181,1109,534,38664,19592,19017,21290,20715,1643,39773,39198,21824,40307,normal
118108,20556,6796,1373,138664,124904,119481,27352,21929,8169,145460,140037,28725,146833,normal
8891,16561,1206,610,25452,10097,9501,17767,17171,1816,26658,26062,18377,27268,normal
49583,28736,2641,1025,78319,52224,50608,31377,29761,3666,80960,79344,32402,81985,normal
70110,4877,2606,604,74987,72716,70714,7483,5481,3210,77593,75591,8087,78197,normal
45711,25486,8338,2163,71197,54049,47874,33824,27649,10501,79535,73360,35987,81698,normal
21882,8412,1408,348,30294,23290,22230,9820,8760,1756,31702,30642,10168,32050,normal
24685,10939,2102,1466,35624,26787,26151,13041,12405,3568,37726,37090,14507,39192,normal
24569,11453,5177,715,36022,29746,25284,16630,12168,5892,41199,36737,17345,41914,normal
19941,7014,1777,234,26955,21718,20175,8791,7248,2011,28732,27189,9025,28966,normal
68331,18972,1944,582,87303,70275,68913,20916,19554,2526,89247,87885,21498,89829,normal
11115,16784,915,663,27899,12030,11778,17699,17447,1578,28814,28562,18362,29477,normal
41328,12205,2789,675,53533,44117,42003,14994,12880,3464,56322,54208,15669,56997,normal
36823,9491,1794,376,46314,38617,37199,11285,9867,2170,48108,46690,11661,48484,normal
4274,2243,1062,563,6517,5336,4837,3305,2806,1625,7579,7080,3868,8142,normal
209664,24474,4292,796,234138,213956,210460,28766,25270,5088,238430,234934,29562,239226,normal
15087,1673,1483,1387,16760,16570,16474,3156,3060,2870,18243,18147,4543,19630,normal
7311,6317,895,635,13628,8206,7946,7212,6952,1530,14523,14263,7847,15158,normal
18921,6043,339,43,24964,19260,18964,6382,6086,382,25303,25007,6425,25346,normal
6607,2252,151,114,8859,6758,6721,2403,2366,265,9010,8973,2517,9124,normal
20566,14335,1785,626,34901,22351,21192,16120,14961,2411,36686,35527,16746,37312,normal
11316,3772,1186,384,15088,12502,11700,4958,4156,1570,16274,15472,5342,16658,normal
41042,10538,6356,2448,51580,47398,43490,16894,12986,8804,57936,54028,19342,60384,normal
12985,5797,532,308,18782,13517,13293,6329,6105,840,19314,19090,6637,19622,normal
7421,1557,2009,308,8978,9430,7729,3566,1865,2317,10987,9286,3874,11295,normal
9572,5574,1630,146,15146,11202,9718,7204,5720,1776,16776,15292,7350,16922,normal
19697,21933,2068,719,41630,21765,20416,24001,22652,2787,43698,42349,24720,44417,normal
18725,38218,3455,3031,56943,22180,21756,41673,41249,6486,60398,59974,44704,63429,normal
8405,3785,695,270,12190,9100,8675,4480,4055,965,12885,12460,4750,13155,normal
37914,12286,6847,937,50200,44761,38851,19133,13223,7784,57047,51137,20070,57984,normal
104926,5916,4430,614,110842,109356,105540,10346,6530,5044,115272,111456,10960,115886,normal
1209,450,99,35,1659,1308,1244,549,485,134,1758,1694,584,1793,normal
145341,319702,11086,26015,465043,156427,171356,330788,345717,37101,476129,491058,356803,502144,normal
2336,8305,494,175,10641,2830,2511,8799,8480,669,11135,10816,8974,11310,normal
10868,4487,994,233,15355,11862,11101,5481,4720,1227,16349,15588,5714,16582,normal
5080,1342,704,149,6422,5784,5229,2046,1491,853,7126,6571,2195,7275,normal
116767,105652,25945,13946,222419,142712,130713,131597,119598,39891,248364,236365,145543,262310,normal
290417,157810,24207,19178,448227,314624,309595,182017,176988,43385,472434,467405,201195,491612,normal
38324,15981,3516,871,54305,41840,39195,19497,16852,4387,57821,55176,20368,58692,normal
38784,2738,2685,1040,41522,41469,39824,5423,3778,3725,44207,42562,6463,45247,normal
50090,19566,8914,1004,69656,59004,51094,28480,20570,9918,78570,70660,29484,79574,normal
54952,18116,5964,1701,73068,60916,56653,24080,19817,7665,79032,74769,25781,80733,normal
35193,16422,5778,3125,51615,40971,38318,22200,19547,8903,57393,54740,25325,60518,normal
53322,25146,6589,3260,78468,59911,56582,31735,28406,9849,85057,81728,34995,88317,normal
38260,8660,2284,365,46920,40544,38625,10944,9025,2649,49204,47285,11309,49569,normal
12585,2647,2693,886,15232,15278,13471,5340,3533,3579,17925,16118,6226,18811,normal
34780,5789,6792,983,40569,41572,35763,12581,6772,7775,47361,41552,13564,48344,normal
14900,10657,2210,775,25557,17110,15675,12867,11432,2985,27767,26332,13642,28542,normal
36823,25625,5410,1206,62448,42233,38029,31035,26831,6616,67858,63654,32241,69064,normal
1350,138,320,123,1488,1670,1473,458,261,443,1808,1611,581,1931,normal
21723,19767,5602,2484,41490,27325,24207,25369,22251,8086,47092,43974,27853,49576,normal
6609,5613,1179,525,12222,7788,7134,6792,6138,1704,13401,12747,7317,13926,normal
41172,19593,821,248,60765,41993,41420,20414,19841,1069,61586,61013,20662,61834,normal
152519,67297,8506,2391,219816,161025,154910,75803,69688,10897,228322,222207,78194,230713,normal
29592,13916,4139,424,43508,33731,30016,18055,14340,4563,47647,43932,18479,48071,normal
305550,210750,24396,6368,516300,329946,311918,235146,217118,30764,540696,522668,241514,547064,normal
75182,109642,44602,9965,184824,119784,85147,154244,119607,54567,229426,194789,164209,239391,normal
82652,40009,7124,983,122661,89776,83635,47133,40992,8107,129785,123644,48116,130768,normal
60398,31209,7820,2093,91607,68218,62491,39029,33302,9913,99427,93700,41122,101520,normal
72214,243945,4762,3603,316159,76976,75817,248707,247548,8365,320921,319762,252310,324524,normal
176406,352604,9124,6535,529010,185530,182941,361728,359139,15659,538134,535545,368263,544669,normal
36190,42738,1300,1193,78928,37490,37383,44038,43931,2493,80228,80121,45231,81421,normal
2912,25283,1094,5982,28195,4006,8894,26377,31265,7076,29289,34177,32359,35271,normal
46765,46786,10419,9547,93551,57184,56312,57205,56333,19966,103970,103098,66752,113517,normal
53812,25563,2318,4279,79375,56130,58091,27881,29842,6597,81693,83654,32160,85972,normal
4781,28592,406,2102,33373,5187,6883,28998,30694,2508,33779,35475,31100,35881,normal
13873,58042,1035,1126,71915,14908,14999,59077,59168,2161,72950,73041,60203,74076,normal
130849,146609,20100,54145,277458,150949,184994,166709,200754,74245,297558,331603,220854,351703,normal
427166,256553,826,42054,683719,427992,469220,257379,298607,42880,684545,725773,299433,726599,normal
316460,331606,7818,7346,648066,324278,323806,339424,338952,15164,655884,655412,346770,663230,normal
178500,76062,9338,7688,254562,187838,186188,85400,83750,17026,263900,262250,93088,271588,normal
641839,193415,32275,189235,835254,674114,831074,225690,382650,221510,867529,1024489,414925,1056764,normal
322353,60417,32776,7523,382770,355129,329876,93193,67940,40299,415546,390293,100716,423069,normal
899036,163132,30949,28558,1062168,929985,927594,194081,191690,59507,1093117,1090726,222639,1121675,normal
298801,172221,24653,26209,471022,323454,325010,196874,198430,50862,495675,497231,223083,521884,normal
29444,15084,5297,13836,44528,34741,43280,20381,28920,19133,49825,58364,34217,63661,normal
42872,39718,8592,13312,82590,51464,56184,48310,53030,21904,91182,95902,61622,104494,normal
335790,157992,19899,27221,493782,355689,363011,177891,185213,47120,513681,521003,205112,540902,normal
369718,302029,32359,76863,671747,402077,446581,334388,378892,109222,704106,748610,411251,780969,normal
52910,60011,8802,4896,112921,61712,57806,68813,64907,13698,121723,117817,73709,126619,normal
58004,86148,13694,17119,144152,71698,75123,99842,103267,30813,157846,161271,116961,174965,normal
284372,205690,19167,9792,490062,303539,294164,224857,215482,28959,509229,499854,234649,519021,normal
55522,90456,4042,5707,145978,59564,61229,94498,96163,9749,150020,151685,100205,155727,normal
4879,50879,922,4092,55758,5801,8971,51801,54971,5014,56680,59850,55893,60772,normal
66000,153099,16352,156511,219099,82352,222511,169451,309610,172863,235451,375610,325962,391962,normal
77333,114383,8719,55755,191716,86052,133088,123102,170138,64474,200435,247471,178857,256190,normal
66112,123071,38598,74356,189183,104710,140468,161669,197427,112954,227781,263539,236025,302137,normal
219908,285655,53094,107359,505563,273002,327267,338749,393014,160453,558657,612922,446108,666016,normal
41817,53503,5939,4125,95320,47756,45942,59442,57628,10064,101259,99445,63567,105384,normal
73240,64936,3773,11789,138176,77013,85029,68709,76725,15562,141949,149965,80498,153738,normal
145646,66447,9886,2227,212093,155532,147873,76333,68674,12113,221979,214320,78560,224206,normal
71306,157908,21286,29177,229214,92592,100483,179194,187085,50463,250500,258391,208371,279677,normal
182489,298724,41188,50302,481213,223677,232791,339912,349026,91490,522401,531515,390214,572703,normal
35296,28645,8767,11812,63941,44063,47108,37412,40457,20579,72708,75753,49224,84520,normal
39723,83243,2618,1185,122966,42341,40908,85861,84428,3803,125584,124151,87046,126769,normal
95663,190772,3344,889,286435,99007,96552,194116,191661,4233,289779,287324,195005,290668,normal
34294,52130,3911,1944,86424,38205,36238,56041,54074,5855,90335,88368,57985,92279,normal
90886,112572,3615,1937,203458,94501,92823,116187,114509,5552,207073,205395,118124,209010,normal
13352,15251,6142,8448,28603,19494,21800,21393,23699,14590,34745,37051,29841,43193,normal
56732,64287,7064,8489,121019,63796,65221,71351,72776,15553,128083,129508,79840,136572,normal
59209,109754,1857,1169,168963,61066,60378,111611,110923,3026,170820,170132,112780,171989,normal
227003,537553,11822,29409,764556,238825,256412,549375,566962,41231,776378,793965,578784,805787,normal
126118,460790,47084,92566,586908,173202,218684,507874,553356,139650,633992,679474,600440,726558,normal
650121,517641,42747,35951,1167762,692868,686072,560388,553592,78698,1210509,1203713,596339,1246460,normal
58825,41316,2534,1121,100141,61359,59946,43850,42437,3655,102675,101262,44971,103796,normal
241821,130791,23499,26447,372612,265320,268268,154290,157238,49946,396111,399059,180737,422558,normal
151780,288916,13514,10236,440696,165294,162016,302430,299152,23750,454210,450932,312666,464446,normal
284600,405648,5375,6037,690248,289975,290637,411023,411685,11412,695623,696285,417060,701660,normal
93243,146887,11159,4301,240130,104402,97544,158046,151188,15460,251289,244431,162347,255590,normal
135990,221974,12358,2922,357964,148348,138912,234332,224896,15280,370322,360886,237254,373244,normal
253607,217986,13286,9456,471593,266893,263063,231272,227442,22742,484879,481049,240728,494335,normal
146649,304842,14774,9565,451491,161423,156214,319616,314407,24339,466265,461056,329181,475830,normal
55970,115220,5041,2415,171190,61011,58385,120261,117635,7456,176231,173605,122676,178646,normal
66963,92032,3629,1277,158995,70592,68240,95661,93309,4906,162624,160272,96938,163901,normal
6289,144479,3728,4429,150768,10017,10718,148207,148908,8157,154496,155197,152636,158925,normal
403480,424354,33298,16908,827834,436778,420388,457652,441262,50206,861132,844742,474560,878040,normal
48058,183607,8449,11147,231665,56507,59205,192056,194754,19596,240114,242812,203203,251261,normal
169722,529792,34798,22742,699514,204520,192464,564590,552534,57540,734312,722256,587332,757054,normal
10002,10055,1022,350,20057,11024,10352,11077,10405,1372,21079,20407,11427,21429,normal
20181,14102,3382,5001,34283,23563,25182,17484,19103,8383,37665,39284,22485,42666,normal
18301,13374,2593,1375,31675,20894,19676,15967,14749,3968,34268,33050,17342,35643,normal
896668,248599,54149,23681,1145267,950817,920349,302748,272280,77830,1199416,1168948,326429,1223097,normal
366330,123699,15034,25110,490029,381364,391440,138733,148809,40144,505063,515139,163843,530173,normal
67628,170182,12530,12779,237810,80158,80407,182712,182961,25309,250340,250589,195491,263119,normal
894118,212919,17819,3878,1107037,911937,897996,230738,216797,21697,1124856,1110915,234616,1128734,normal
203609,82774,5520,15834,286383,209129,219443,88294,98608,21354,291903,302217,104128,307737,normal
185101,202918,13417,7737,388019,198518,192838,216335,210655,21154,401436,395756,224072,409173,normal
134536,200600,25614,5604,335136,160150,140140,226214,206204,31218,360750,340740,231818,366354,normal
243449,444039,23728,7067,687488,267177,250516,467767,451106,30795,711216,694555,474834,718283,normal
252750,255374,85388,16980,508124,338138,269730,340762,272354,102368,593512,525104,357742,610492,normal
279561,451274,103857,25399,730835,383418,304960,555131,476673,129256,834692,756234,580530,860091,normal
250325,182146,15383,16508,432471,265708,266833,197529,198654,31891,447854,448979,214037,464362,normal
6744,787438,1165,4367,794182,7909,11111,788603,791805,5532,795347,798549,792970,799714,normal
58324,115225,3806,9673,173549,62130,67997,119031,124898,13479,177355,183222,128704,187028,normal
254843,315548,9539,5246,570391,264382,260089,325087,320794,14785,579930,575637,330333,585176,normal
42349,160213,8142,3773,202562,50491,46122,168355,163986,11915,210704,206335,172128,214477,normal
459204,862900,13114,7213,1322104,472318,466417,876014,870113,20327,1335218,1329317,883227,1342431,normal
204612,271482,12553,8293,476094,217165,212905,284035,279775,20846,488647,484387,292328,496940,normal
45774,78672,9301,1768,124446,55075,47542,87973,80440,11069,133747,126214,89741,135515,normal
316690,539160,31332,42222,855850,348022,358912,570492,581382,73554,887182,898072,612714,929404,normal
223927,731794,45425,29495,955721,269352,253422,777219,761289,74920,1001146,985216,806714,1030641,normal
155715,899448,17084,21901,1055163,172799,177616,916532,921349,38985,1072247,1077064,938433,1094148,normal
216659,494430,15074,20417,711089,231733,237076,509504,514847,35491,726163,731506,529921,746580,normal
68601,148236,25514,23006,216837,94115,91607,173750,171242,48520,242351,239843,196756,265357,normal
205822,102579,11199,1079,308401,217021,206901,113778,103658,12278,319600,309480,114857,320679,normal
345,0,15,0,345,360,345,15,0,15,360,345,15,360,tumor
30037,2477,4321,3,32514,34358,30040,6798,2480,4324,36835,32517,6801,36838,tumor
276977,5103,130817,14,282080,407794,276991,135920,5117,130831,412897,282094,135934,412911,tumor
21571,1023,15484,3,22594,37055,21574,16507,1026,15487,38078,22597,16510,38081,tumor
58953,3891,13782,1,62844,72735,58954,17673,3892,13783,76626,62845,17674,76627,tumor
81288,1448,50241,7,82736,131529,81295,51689,1455,50248,132977,82743,51696,132984,tumor
275480,6974,49054,4,282454,324534,275484,56028,6978,49058,331508,282458,56032,331512,tumor
65955,2025,16314,3,67980,82269,65958,18339,2028,16317,84294,67983,18342,84297,tumor
353,78,84,5,431,437,358,162,83,89,515,436,167,520,tumor
501895,36228,11045,4039,538123,512940,505934,47273,40267,15084,549168,542162,51312,553207,tumor
372252,83631,10654,7838,455883,382906,380090,94285,91469,18492,466537,463721,102123,474375,tumor
4651,959,46,48,5610,4697,4699,1005,1007,94,5656,5658,1053,5704,tumor
94660,24705,1674,2520,119365,96334,97180,26379,27225,4194,121039,121885,28899,123559,tumor
41422,9557,659,477,50979,42081,41899,10216,10034,1136,51638,51456,10693,52115,tumor
7919,3720,162,181,11639,8081,8100,3882,3901,343,11801,11820,4063,11982,tumor
234874,125833,6222,5147,360707,241096,240021,132055,130980,11369,366929,365854,137202,372076,tumor
78986,10972,1677,5366,89958,80663,84352,12649,16338,7043,91635,95324,18015,97001,tumor
44880,16663,279,324,61543,45159,45204,16942,16987,603,61822,61867,17266,62146,tumor
23733,1105,77,57,24838,23810,23790,1182,1162,134,24915,24895,1239,24972,tumor
197566,48207,1327,8841,245773,198893,206407,49534,57048,10168,247100,254614,58375,255941,tumor
13281,599,71,82,13880,13352,13363,670,681,153,13951,13962,752,14033,tumor
132085,11956,1141,774,144041,133226,132859,13097,12730,1915,145182,144815,13871,145956,tumor
513131,115800,4380,1978,628931,517511,515109,120180,117778,6358,633311,630909,122158,635289,tumor
25528,14303,832,408,39831,26360,25936,15135,14711,1240,40663,40239,15543,41071,tumor
268362,33548,727,685,301910,269089,269047,34275,34233,1412,302637,302595,34960,303322,tumor
186931,55273,1060,492,242204,187991,187423,56333,55765,1552,243264,242696,56825,243756,tumor
76128,11155,1455,1343,87283,77583,77471,12610,12498,2798,88738,88626,13953,90081,tumor
39838,5598,255,491,45436,40093,40329,5853,6089,746,45691,45927,6344,46182,tumor
5386,423,146,13,5809,5532,5399,569,436,159,5955,5822,582,5968,tumor
147630,18971,1828,282,166601,149458,147912,20799,19253,2110,168429,166883,21081,168711,tumor
114152,29449,3728,531,143601,117880,114683,33177,29980,4259,147329,144132,33708,147860,tumor
87832,16056,722,4866,103888,88554,92698,16778,20922,5588,104610,108754,21644,109476,tumor
104525,18837,2058,1038,123362,106583,105563,20895,19875,3096,125420,124400,21933,126458,tumor
66373,11214,4688,242,77587,71061,66615,15902,11456,4930,82275,77829,16144,82517,tumor
148984,77157,833,3641,226141,149817,152625,77990,80798,4474,226974,229782,81631,230615,tumor
37581,12074,472,223,49655,38053,37804,12546,12297,695,50127,49878,12769,50350,tumor
269274,31395,1580,423,300669,270854,269697,32975,31818,2003,302249,301092,33398,302672,tumor
0,0,0,0,0,0,0,0,0,0,0,0,0,0,tumor
83643,22219,1532,7596,105862,85175,91239,23751,29815,9128,107394,113458,31347,114990,tumor
17964,1426,765,457,19390,18729,18421,2191,1883,1222,20155,19847,2648,20612,tumor
4384,1035,133,45,5419,4517,4429,1168,1080,178,5552,5464,1213,5597,tumor
42788,31964,467,822,74752,43255,43610,32431,32786,1289,75219,75574,33253,76041,tumor
292213,106605,401,379,398818,292614,292592,107006,106984,780,399219,399197,107385,399598,tumor
175685,43277,479,122,218962,176164,175807,43756,43399,601,219441,219084,43878,219563,tumor
80974,11237,921,1523,92211,81895,82497,12158,12760,2444,93132,93734,13681,94655,tumor
328572,186783,25676,13629,515355,354248,342201,212459,200412,39305,541031,528984,226088,554660,tumor
663123,278281,62964,110449,941404,726087,773572,341245,388730,173413,1004368,1051853,451694,1114817,tumor
298231,82141,17539,9980,380372,315770,308211,99680,92121,27519,397911,390352,109660,407891,tumor
193694,164065,5756,12577,357759,199450,206271,169821,176642,18333,363515,370336,182398,376092,tumor
269387,80358,10123,18966,349745,279510,288353,90481,99324,29089,359868,368711,109447,378834,tumor
666626,132002,12180,33135,798628,678806,699761,144182,165137,45315,810808,831763,177317,843943,tumor
61284,105368,2883,3089,166652,64167,64373,108251,108457,5972,169535,169741,111340,172624,tumor
1872640,427528,41039,25106,2300168,1913679,1897746,468567,452634,66145,2341207,2325274,493673,2366313,tumor
381995,169073,27696,7506,551068,409691,389501,196769,176579,35202,578764,558574,204275,586270,tumor
403388,106440,18384,7521,509828,421772,410909,124824,113961,25905,528212,517349,132345,535733,tumor
117221,134676,2716,2650,251897,119937,119871,137392,137326,5366,254613,254547,140042,257263,tumor
55498,144546,651,1608,200044,56149,57106,145197,146154,2259,200695,201652,146805,202303,tumor
87177,70437,4558,1499,157614,91735,88676,74995,71936,6057,162172,159113,76494,163671,tumor
121847,81884,12450,3208,203731,134297,125055,94334,85092,15658,216181,206939,97542,219389,tumor
300332,46950,5594,1162,347282,305926,301494,52544,48112,6756,352876,348444,53706,354038,tumor
223250,41084,2009,4441,264334,225259,227691,43093,45525,6450,266343,268775,47534,270784,tumor
15590,1640,573,257,17230,16163,15847,2213,1897,830,17803,17487,2470,18060,tumor
49595,4485,1216,1186,54080,50811,50781,5701,5671,2402,55296,55266,6887,56482,tumor
39658,8801,565,559,48459,40223,40217,9366,9360,1124,49024,49018,9925,49583,tumor
999710,187800,23231,8999,1187510,1022941,1008709,211031,196799,32230,1210741,1196509,220030,1219740,tumor
243474,103562,15857,6321,347036,259331,249795,119419,109883,22178,362893,353357,125740,369214,tumor
551475,25319,6482,7475,576794,557957,558950,31801,32794,13957,583276,584269,39276,590751,tumor
747837,113398,14072,3182,861235,761909,751019,127470,116580,17254,875307,864417,130652,878489,tumor
276605,137655,12615,11855,414260,289220,288460,150270,149510,24470,426875,426115,162125,438730,tumor
171621,13843,11689,1650,185464,183310,173271,25532,15493,13339,197153,187114,27182,198803,tumor
56606,2592,3544,410,59198,60150,57016,6136,3002,3954,62742,59608,6546,63152,tumor
88998,77910,4358,2540,166908,93356,91538,82268,80450,6898,171266,169448,84808,173806,tumor
212152,56660,10943,1971,268812,223095,214123,67603,58631,12914,279755,270783,69574,281726,tumor
345087,59807,7587,6242,404894,352674,351329,67394,66049,13829,412481,411136,73636,418723,tumor
79026,66781,6458,3971,145807,85484,82997,73239,70752,10429,152265,149778,77210,156236,tumor
72618,4446,5003,200,77064,77621,72818,9449,4646,5203,82067,77264,9649,82267,tumor
145465,21500,16251,691,166965,161716,146156,37751,22191,16942,183216,167656,38442,183907,tumor
99104,7331,1367,1168,106435,100471,100272,8698,8499,2535,107802,107603,9866,108970,tumor
66370,3549,1779,493,69919,68149,66863,5328,4042,2272,71698,70412,5821,72191,tumor
172013,18324,4027,1257,190337,176040,173270,22351,19581,5284,194364,191594,23608,195621,tumor
252476,17287,13124,424,269763,265600,252900,30411,17711,13548,282887,270187,30835,283311,tumor
59038,13000,1643,1060,72038,60681,60098,14643,14060,2703,73681,73098,15703,74741,tumor
323485,21339,2656,1438,344824,326141,324923,23995,22777,4094,347480,346262,25433,348918,tumor
106282,18887,5416,1076,125169,111698,107358,24303,19963,6492,130585,126245,25379,131661,tumor
27801,2419,1246,74,30220,29047,27875,3665,2493,1320,31466,30294,3739,31540,tumor
10587,1386,1014,161,11973,11601,10748,2400,1547,1175,12987,12134,2561,13148,tumor
82661,15294,5800,288,97955,88461,82949,21094,15582,6088,103755,98243,21382,104043,tumor
11887,4515,131,396,16402,12018,12283,4646,4911,527,16533,16798,5042,16929,tumor
174286,6584,6536,799,180870,180822,175085,13120,7383,7335,187406,181669,13919,188205,tumor
59832,9761,3240,346,69593,63072,60178,13001,10107,3586,72833,69939,13347,73179,tumor
19158,2473,815,231,21631,19973,19389,3288,2704,1046,22446,21862,3519,22677,tumor
16450,254,175,36,16704,16625,16486,429,290,211,16879,16740,465,16915,tumor
28262,1224,832,164,29486,29094,28426,2056,1388,996,30318,29650,2220,30482,tumor
102731,6225,3506,208,108956,106237,102939,9731,6433,3714,112462,109164,9939,112670,tumor
92313,6141,1787,1023,98454,94100,93336,7928,7164,2810,100241,99477,8951,101264,tumor
61133,8915,2964,305,70048,64097,61438,11879,9220,3269,73012,70353,12184,73317,tumor
1761,89,57,6,1850,1818,1767,146,95,63,1907,1856,152,1913,tumor
30479,2050,829,129,32529,31308,30608,2879,2179,958,33358,32658,3008,33487,tumor
41448,8730,1427,246,50178,42875,41694,10157,8976,1673,51605,50424,10403,51851,tumor
21663,3534,531,111,25197,22194,21774,4065,3645,642,25728,25308,4176,25839,tumor
160385,13557,3357,585,173942,163742,160970,16914,14142,3942,177299,174527,17499,177884,tumor
82541,2321,1276,716,84862,83817,83257,3597,3037,1992,86138,85578,4313,86854,tumor
104019,3838,2330,117,107857,106349,104136,6168,3955,2447,110187,107974,6285,110304,tumor
15015,659,701,667,15674,15716,15682,1360,1326,1368,16375,16341,2027,17042,tumor
151734,16100,1783,947,167834,153517,152681,17883,17047,2730,169617,168781,18830,170564,tumor
167815,7408,1812,60,175223,169627,167875,9220,7468,1872,177035,175283,9280,177095,tumor
70336,3745,1712,350,74081,72048,70686,5457,4095,2062,75793,74431,5807,76143,tumor
172025,18365,5086,438,190390,177111,172463,23451,18803,5524,195476,190828,23889,195914,tumor
50698,2247,1121,223,52945,51819,50921,3368,2470,1344,54066,53168,3591,54289,tumor
69086,5049,2551,1347,74135,71637,70433,7600,6396,3898,76686,75482,8947,78033,tumor
83946,5043,545,226,88989,84491,84172,5588,5269,771,89534,89215,5814,89760,tumor
18334,1025,1938,535,19359,20272,18869,2963,1560,2473,21297,19894,3498,21832,tumor
77227,3386,2844,621,80613,80071,77848,6230,4007,3465,83457,81234,6851,84078,tumor
36191,6446,1845,254,42637,38036,36445,8291,6700,2099,44482,42891,8545,44736,tumor
33183,7109,1270,1050,40292,34453,34233,8379,8159,2320,41562,41342,9429,42612,tumor
4313,783,74,106,5096,4387,4419,857,889,180,5170,5202,963,5276,tumor
98311,6832,2624,456,105143,100935,98767,9456,7288,3080,107767,105599,9912,108223,tumor
21707,649,640,75,22356,22347,21782,1289,724,715,22996,22431,1364,23071,tumor
411,116,34,6,527,445,417,150,122,40,561,533,156,567,tumor
61442,74450,3345,13478,135892,64787,74920,77795,87928,16823,139237,149370,91273,152715,tumor
7413,7814,420,168,15227,7833,7581,8234,7982,588,15647,15395,8402,15815,tumor
7073,1740,284,87,8813,7357,7160,2024,1827,371,9097,8900,2111,9184,tumor
1059,94,113,16,1153,1172,1075,207,110,129,1266,1169,223,1282,tumor
340448,45222,10047,9689,385670,350495,350137,55269,54911,19736,395717,395359,64958,405406,tumor
9401,2167,728,1323,11568,10129,10724,2895,3490,2051,12296,12891,4218,13619,tumor
45931,4285,3339,211,50216,49270,46142,7624,4496,3550,53555,50427,7835,53766,tumor
7950,259,640,96,8209,8590,8046,899,355,736,8849,8305,995,8945,tumor
93761,5199,8111,254,98960,101872,94015,13310,5453,8365,107071,99214,13564,107325,tumor
65610,3234,2221,1278,68844,67831,66888,5455,4512,3499,71065,70122,6733,72343,tumor
207633,21086,4428,9429,228719,212061,217062,25514,30515,13857,233147,238148,34943,242576,tumor
50112,7185,3275,3143,57297,53387,53255,10460,10328,6418,60572,60440,13603,63715,tumor
78791,3415,1496,378,82206,80287,79169,4911,3793,1874,83702,82584,5289,84080,tumor
22933,1278,1411,922,24211,24344,23855,2689,2200,2333,25622,25133,3611,26544,tumor
95572,5054,6073,596,100626,101645,96168,11127,5650,6669,106699,101222,11723,107295,tumor
32077,5879,1604,300,37956,33681,32377,7483,6179,1904,39560,38256,7783,39860,tumor
16654,3489,904,87,20143,17558,16741,4393,3576,991,21047,20230,4480,21134,tumor
298440,1210,9155,233,299650,307595,298673,10365,1443,9388,308805,299883,10598,309038,tumor
41535,3031,1103,464,44566,42638,41999,4134,3495,1567,45669,45030,4598,46133,tumor
17931,2564,724,147,20495,18655,18078,3288,2711,871,21219,20642,3435,21366,tumor
10919,1183,94,27,12102,11013,10946,1277,1210,121,12196,12129,1304,12223,tumor
207667,17038,6268,1052,224705,213935,208719,23306,18090,7320,230973,225757,24358,232025,tumor
20475,5326,1320,130,25801,21795,20605,6646,5456,1450,27121,25931,6776,27251,tumor
17951,13186,599,177,31137,18550,18128,13785,13363,776,31736,31314,13962,31913,tumor
29290,12430,2773,490,41720,32063,29780,15203,12920,3263,44493,42210,15693,44983,tumor
11959,2108,546,6,14067,12505,11965,2654,2114,552,14613,14073,2660,14619,tumor
246648,14545,9077,719,261193,255725,247367,23622,15264,9796,270270,261912,24341,270989,tumor
314106,92507,8694,7307,406613,322800,321413,101201,99814,16001,415307,413920,108508,422614,tumor
51400,68508,2164,2045,119908,53564,53445,70672,70553,4209,122072,121953,72717,124117,tumor
40468,32697,764,691,73165,41232,41159,33461,33388,1455,73929,73856,34152,74620,tumor
1056,5552,145,732,6608,1201,1788,5697,6284,877,6753,7340,6429,7485,tumor
3922,2844,557,464,6766,4479,4386,3401,3308,1021,7323,7230,3865,7787,tumor
26679,7620,965,1886,34299,27644,28565,8585,9506,2851,35264,36185,10471,37150,tumor
2104,9162,165,399,11266,2269,2503,9327,9561,564,11431,11665,9726,11830,tumor
4775,12748,336,361,17523,5111,5136,13084,13109,697,17859,17884,13445,18220,tumor
248309,53356,17521,34232,301665,265830,282541,70877,87588,51753,319186,335897,105109,353418,tumor
1493,347,11,198,1840,1504,1691,358,545,209,1851,2038,556,2049,tumor
190911,51092,507,1747,242003,191418,192658,51599,52839,2254,242510,243750,53346,244257,tumor
44,3,0,5,47,44,49,3,8,5,47,52,8,52,tumor
38,5,9,14,43,47,52,14,19,23,52,57,28,66,tumor
273182,18188,10537,3465,291370,283719,276647,28725,21653,14002,301907,294835,32190,305372,tumor
1805,339,40,220,2144,1845,2025,379,559,260,2184,2364,599,2404,tumor
40,30,22,20,70,62,60,52,50,42,92,90,72,112,tumor
173210,17647,9779,17421,190857,182989,190631,27426,35068,27200,200636,208278,44847,218057,tumor
12,121,0,207,133,12,219,121,328,207,133,340,328,340,tumor
895,955,63,1099,1850,958,1994,1018,2054,1162,1913,2949,2117,3012,tumor
1949,1799,766,7714,3748,2715,9663,2565,9513,8480,4514,11462,10279,12228,tumor
246420,38024,9952,3833,284444,256372,250253,47976,41857,13785,294396,288277,51809,298229,tumor
322518,102666,11043,17439,425184,333561,339957,113709,120105,28482,436227,442623,131148,453666,tumor
126082,29852,7619,1594,155934,133701,127676,37471,31446,9213,163553,157528,39065,165147,tumor
978937,279566,19409,13413,1258503,998346,992350,298975,292979,32822,1277912,1271916,312388,1291325,tumor
1821,19978,275,1077,21799,2096,2898,20253,21055,1352,22074,22876,21330,23151,tumor
2550,2379,914,4043,4929,3464,6593,3293,6422,4957,5843,8972,7336,9886,tumor
1371,3222,231,1532,4593,1602,2903,3453,4754,1763,4824,6125,4985,6356,tumor
72177,42867,16533,16777,115044,88710,88954,59400,59644,33310,131577,131821,76177,148354,tumor
213423,98520,26347,48509,311943,239770,261932,124867,147029,74856,338290,360452,173376,386799,tumor
2327,2176,171,123,4503,2498,2450,2347,2299,294,4674,4626,2470,4797,tumor
81020,23568,1426,3578,104588,82446,84598,24994,27146,5004,106014,108166,28572,109592,tumor
186469,41196,5127,1243,227665,191596,187712,46323,42439,6370,232792,228908,47566,234035,tumor
55538,85043,4935,4295,140581,60473,59833,89978,89338,9230,145516,144876,94273,149811,tumor
438036,159668,28708,17415,597704,466744,455451,188376,177083,46123,626412,615119,205791,643827,tumor
139438,12580,6814,2890,152018,146252,142328,19394,15470,9704,158832,154908,22284,161722,tumor
330563,321947,10839,2426,652510,341402,332989,332786,324373,13265,663349,654936,335212,665775,tumor
372127,259104,4795,6015,631231,376922,378142,263899,265119,10810,636026,637246,269914,642041,tumor
76816,16785,976,215,93601,77792,77031,17761,17000,1191,94577,93816,17976,94792,tumor
396677,88198,6286,1552,484875,402963,398229,94484,89750,7838,491161,486427,96036,492713,tumor
1,20,1,7,21,2,8,21,27,8,22,28,28,29,tumor
432586,173265,9983,14423,605851,442569,447009,183248,187688,24406,615834,620274,197671,630257,tumor
885199,410637,6640,3244,1295836,891839,888443,417277,413881,9884,1302476,1299080,420521,1305720,tumor
111598,134044,3915,6007,245642,115513,117605,137959,140051,9922,249557,251649,143966,255564,tumor
17299,29719,815,2253,47018,18114,19552,30534,31972,3068,47833,49271,32787,50086,tumor
220519,71417,7131,1872,291936,227650,222391,78548,73289,9003,299067,293808,80420,300939,tumor
734082,85908,11340,1164,819990,745422,735246,97248,87072,12504,831330,821154,98412,832494,tumor
326942,25085,8937,1903,352027,335879,328845,34022,26988,10840,360964,353930,35925,362867,tumor
479181,343582,20328,5635,822763,499509,484816,363910,349217,25963,843091,828398,369545,848726,tumor
326383,76745,4098,2022,403128,330481,328405,80843,78767,6120,407226,405150,82865,409248,tumor
1064791,269353,42541,9165,1334144,1107332,1073956,311894,278518,51706,1376685,1343309,321059,1385850,tumor
85879,19320,2166,241,105199,88045,86120,21486,19561,2407,107365,105440,21727,107606,tumor
2112,702,48,12,2814,2160,2124,750,714,60,2862,2826,762,2874,tumor
58657,65868,2644,912,124525,61301,59569,68512,66780,3556,127169,125437,69424,128081,tumor
39910,49429,1007,242,89339,40917,40152,50436,49671,1249,90346,89581,50678,90588,tumor
98094,75989,2903,801,174083,100997,98895,78892,76790,3704,176986,174884,79693,177787,tumor
10217,173697,701,1899,183914,10918,12116,174398,175596,2600,184615,185813,176297,186514,tumor
35884,54292,2557,751,90176,38441,36635,56849,55043,3308,92733,90927,57600,93484,tumor
22726,30759,1350,475,53485,24076,23201,32109,31234,1825,54835,53960,32584,55310,tumor
332886,333170,14478,3337,666056,347364,336223,347648,336507,17815,680534,669393,350985,683871,tumor
175,55,10,1,230,185,176,65,56,11,240,231,66,241,tumor
69755,10643,4685,8243,80398,74440,77998,15328,18886,12928,85083,88641,23571,93326,tumor
23390,8402,2621,1039,31792,26011,24429,11023,9441,3660,34413,32831,12062,35452,tumor
327141,30546,11011,1672,357687,338152,328813,41557,32218,12683,368698,359359,43229,370370,tumor
1386706,89079,44089,20305,1475785,1430795,1407011,133168,109384,64394,1519874,1496090,153473,1540179,tumor
32142,15752,1070,944,47894,33212,33086,16822,16696,2014,48964,48838,17766,49908,tumor
191797,62538,3300,698,254335,195097,192495,65838,63236,3998,257635,255033,66536,258333,tumor
81192,9812,2147,1293,91004,83339,82485,11959,11105,3440,93151,92297,13252,94444,tumor
115157,29559,2491,1031,144716,117648,116188,32050,30590,3522,147207,145747,33081,148238,tumor
339278,204678,8732,4534,543956,348010,343812,213410,209212,13266,552688,548490,217944,557222,tumor
320851,109457,13062,4145,430308,333913,324996,122519,113602,17207,443370,434453,126664,447515,tumor
936353,202641,42953,7322,1138994,979306,943675,245594,209963,50275,1181947,1146316,252916,1189269,tumor
316900,42880,22877,2163,359780,339777,319063,65757,45043,25040,382657,361943,67920,384820,tumor
264264,41339,5859,5154,305603,270123,269418,47198,46493,11013,311462,310757,52352,316616,tumor
6332,626305,1667,3199,632637,7999,9531,627972,629504,4866,634304,635836,631171,637503,tumor
17,804,6,40,821,23,57,810,844,46,827,861,850,867,tumor
329608,149144,14075,3123,478752,343683,332731,163219,152267,17198,492827,481875,166342,495950,tumor
368427,169137,17534,13373,537564,385961,381800,186671,182510,30907,555098,550937,200044,568471,tumor
23450,175273,1244,1425,198723,24694,24875,176517,176698,2669,199967,200148,177942,201392,tumor
214354,73261,2128,3845,287615,216482,218199,75389,77106,5973,289743,291460,79234,293588,tumor
360473,42366,14450,1399,402839,374923,361872,56816,43765,15849,417289,404238,58215,418688,tumor
615448,195165,6840,17881,810613,622288,633329,202005,213046,24721,817453,828494,219886,835334,tumor
18861,22236,1386,508,41097,20247,19369,23622,22744,1894,42483,41605,24130,42991,tumor
49346,192338,5712,2384,241684,55058,51730,198050,194722,8096,247396,244068,200434,249780,tumor
42364,50179,1596,1639,92543,43960,44003,51775,51818,3235,94139,94182,53414,95778,tumor
77708,63773,14369,5219,141481,92077,82927,78142,68992,19588,155850,146700,83361,161069,tumor
19527,3279,940,72,22806,20467,19599,4219,3351,1012,23746,22878,4291,23818,tumor
